481 1027
0 1
0 44
1 2
1 20
1 115
2 3
3 4
3 55
3 31
4 5
4 51
4 109
4 63
5 6
6 7
7 8
8 9
9 10
10 11
10 88
11 12
11 22
12 13
13 14
13 3
14 15
14 64
15 16
16 17
16 74
16 69
17 18
17 118
18 19
18 10
18 37
19 20
19 70
20 21
20 115
21 22
21 119
22 23
23 24
24 25
24 66
24 57
24 82
25 26
25 112
25 10
25 110
26 27
27 28
28 29
29 30
29 31
30 31
30 24
30 25
30 113
31 32
32 33
33 34
33 12
34 35
34 16
34 28
34 249
35 36
36 37
37 38
37 0
37 70
38 39
39 40
39 94
40 41
40 68
40 88
40 84
41 42
41 85
42 43
42 116
42 90
43 44
44 45
45 46
46 47
47 48
47 53
48 49
48 16
49 50
49 94
49 99
49 104
50 51
50 36
50 22
51 52
51 90
51 105
51 15
52 53
52 27
53 54
53 87
54 55
54 94
55 56
55 59
56 57
56 81
57 58
58 59
59 60
60 61
61 62
62 63
62 38
63 64
63 29
63 11
64 65
64 18
64 90
65 66
65 47
66 67
67 68
67 95
67 16
67 87
67 42
67 86
67 45
68 69
69 70
69 117
69 39
69 14
70 71
71 72
71 75
72 73
72 64
72 71
73 74
73 10
73 1
74 75
75 76
75 60
75 83
76 77
76 113
77 78
78 79
78 34
79 80
79 42
79 114
80 81
80 91
80 44
81 82
82 83
82 57
83 84
83 56
84 85
84 30
85 86
86 87
87 88
87 85
88 89
88 50
89 90
90 91
91 92
91 81
92 93
92 41
93 94
94 95
94 117
95 96
96 97
96 99
97 98
97 104
98 99
99 100
99 3
100 101
100 89
101 102
101 116
101 112
101 25
102 103
102 29
102 105
103 104
104 105
104 117
105 106
105 109
105 73
106 107
106 110
106 66
107 108
107 236
107 86
108 109
108 72
108 47
109 110
109 43
109 84
110 111
111 112
112 113
112 119
112 40
112 10
113 114
113 74
114 115
115 116
115 81
116 117
116 6
116 109
117 118
117 38
117 77
118 119
119 0
119 35
120 121
121 122
121 182
121 235
122 123
123 124
123 151
123 163
124 125
124 131
124 201
125 126
125 142
126 127
126 172
126 140
126 155
127 128
128 129
128 177
129 130
129 187
129 215
130 131
131 132
131 128
132 133
133 134
133 139
133 138
134 135
134 225
135 136
135 198
136 137
136 172
137 138
137 227
138 139
139 140
139 234
139 202
140 141
141 142
141 238
141 169
142 143
143 144
144 145
145 146
145 210
145 459
146 147
147 148
147 165
148 149
148 194
148 179
149 150
150 151
150 202
151 152
152 153
152 220
153 154
153 197
154 155
155 156
156 157
156 180
157 158
158 159
158 225
159 160
159 209
159 224
159 158
159 121
160 161
160 126
160 139
160 208
161 162
161 166
161 124
162 163
162 169
163 164
163 181
164 165
164 174
165 166
166 167
166 196
167 168
167 138
168 169
168 174
169 170
169 140
170 171
170 165
170 204
170 168
171 172
171 199
171 182
171 225
172 173
172 206
173 174
174 175
174 187
174 220
174 223
175 176
175 162
176 177
177 178
177 234
178 179
179 180
179 186
179 211
180 181
181 182
181 199
181 189
182 183
182 121
183 184
183 239
184 185
184 201
184 164
185 186
185 225
185 154
186 187
187 188
188 189
188 164
188 167
188 190
188 224
188 212
188 238
189 190
189 224
190 191
190 231
190 135
191 192
192 193
193 194
194 195
195 196
195 238
196 197
196 215
197 198
197 133
198 199
199 200
199 215
199 162
200 201
201 202
201 238
202 203
203 204
204 205
205 206
205 164
205 218
205 213
206 207
206 155
206 173
207 208
208 209
208 164
209 210
209 151
210 211
210 134
210 123
210 169
211 212
212 213
212 145
212 188
213 214
213 182
214 215
215 216
216 217
216 156
216 221
216 150
217 218
218 219
218 187
219 220
219 164
219 130
220 221
220 140
221 222
221 130
222 223
222 165
223 224
223 214
223 176
224 225
224 217
225 226
225 172
225 190
226 227
226 235
227 228
227 128
227 151
227 155
228 229
229 230
230 231
231 232
232 233
233 234
233 140
234 235
235 236
235 226
236 237
237 238
237 219
238 239
239 120
240 241
240 339
241 242
241 300
241 358
242 243
242 289
243 244
244 245
245 246
246 247
246 311
247 248
247 266
248 249
249 250
249 306
249 264
249 296
250 251
250 260
250 256
251 252
252 253
253 254
254 255
254 357
255 256
255 295
255 333
255 350
256 257
256 338
257 258
257 288
258 259
258 263
258 304
259 260
260 261
261 262
261 243
261 327
262 263
262 295
262 355
263 264
263 342
264 265
265 266
265 358
265 272
265 314
265 251
266 267
266 333
266 317
266 326
266 321
267 268
268 269
269 270
269 340
270 271
270 257
271 272
271 266
272 273
272 250
273 274
273 314
274 275
274 302
275 276
275 358
275 437
276 277
277 278
277 342
277 285
277 335
278 279
279 280
279 355
280 281
280 311
281 282
281 325
282 283
283 284
284 285
284 348
285 286
286 287
287 288
287 265
288 289
288 323
289 290
289 304
289 351
289 241
289 305
289 258
290 291
291 292
292 293
292 322
293 294
294 295
294 306
295 296
295 355
295 357
296 297
296 246
297 298
297 329
298 299
298 267
298 330
299 300
300 301
300 355
300 347
300 308
301 302
301 261
302 303
302 245
302 336
303 304
304 305
305 306
305 257
306 307
307 308
308 309
308 254
309 310
309 248
310 311
310 316
310 256
311 312
311 319
312 313
313 314
313 312
313 308
314 315
314 271
314 341
315 316
316 317
316 355
316 349
317 318
317 248
318 319
318 356
318 340
319 320
319 281
319 316
320 321
320 248
321 322
322 323
322 336
323 324
323 275
324 325
325 326
326 327
327 328
328 329
329 330
329 241
330 331
331 332
331 347
332 333
332 295
332 273
333 334
333 245
334 335
335 336
335 320
335 260
335 243
336 337
337 338
338 339
338 315
339 340
339 299
339 295
339 272
340 341
340 316
341 342
341 275
342 343
342 244
343 344
344 345
344 288
344 320
345 346
345 314
346 347
347 348
347 287
348 349
348 271
349 350
350 351
350 292
350 248
350 297
350 311
351 352
351 334
352 353
353 354
353 343
353 309
353 276
354 355
354 289
355 356
356 357
357 358
357 351
358 359
358 346
359 240
359 342
359 300
360 361
360 412
360 389
360 414
361 362
361 411
362 363
362 447
362 437
363 364
364 365
365 366
365 451
365 469
365 431
366 367
366 413
366 389
366 384
366 392
367 368
367 377
367 428
368 369
369 370
369 420
370 371
370 439
370 464
371 372
372 373
372 428
372 378
372 459
372 405
372 381
373 374
374 375
374 398
374 452
374 408
375 376
376 377
376 424
377 378
377 387
378 379
379 380
380 381
380 363
381 382
381 427
382 383
383 384
383 452
384 385
385 386
386 387
386 435
387 388
387 424
388 389
388 478
389 390
390 391
390 436
390 376
391 392
391 472
391 407
392 393
393 394
393 443
394 395
395 396
395 364
396 397
397 398
397 375
398 399
398 369
398 429
399 400
399 461
400 401
401 402
401 388
402 403
402 461
403 404
404 405
405 406
405 371
405 457
406 407
407 408
408 409
408 418
408 406
409 410
410 411
411 412
411 478
412 413
413 414
413 389
414 415
415 416
415 396
415 446
415 413
416 417
417 418
418 419
418 440
419 420
420 421
420 480
421 422
421 395
421 446
421 386
421 480
422 423
422 399
422 395
422 403
422 480
423 424
423 391
423 480
424 425
424 480
425 426
425 409
425 381
425 420
425 480
426 427
426 480
427 428
427 364
427 480
428 429
428 413
428 443
428 480
429 430
429 377
429 371
429 480
430 431
430 480
431 432
431 419
431 480
432 433
432 462
432 480
433 434
433 459
433 480
434 435
434 453
434 480
435 436
435 373
435 480
436 437
436 448
436 480
437 438
437 394
437 480
438 439
438 450
438 480
439 440
439 480
440 441
440 480
441 442
441 480
442 443
442 471
442 480
443 444
443 438
443 434
443 480
444 445
444 480
445 446
445 402
445 480
446 447
446 406
446 480
447 448
447 442
447 380
447 480
448 449
448 368
448 480
449 450
449 480
450 451
450 439
450 480
451 452
451 480
452 453
452 372
452 480
453 454
453 468
453 423
453 480
454 455
454 476
454 461
454 381
454 445
454 480
455 456
455 480
456 457
456 403
456 392
456 480
457 458
457 480
458 459
458 469
458 480
459 460
459 405
459 480
460 461
460 480
461 462
461 480
462 463
462 365
462 480
463 464
463 418
463 423
463 480
464 465
464 448
464 480
465 466
465 480
466 467
466 480
467 468
467 404
467 480
468 469
468 458
468 480
469 470
469 373
469 480
470 471
470 476
470 480
471 472
471 425
471 480
472 473
472 474
472 464
472 480
473 474
473 472
473 429
473 480
474 475
474 377
474 480
475 476
475 379
475 414
475 480
475 438
476 477
476 415
476 480
477 478
477 363
477 371
477 480
478 479
478 460
478 480
479 360
479 440
479 480
