2000 4000
635 1336
744 1652
134 774
237 314
732 1294
1689 576
866 1022
1035 270
727 1854
245 262
226 1039
821 1994
1753 1283
1672 1496
1601 54
164 508
934 1772
61 1995
1486 333
924 923
1523 1480
544 552
255 167
905 1985
70 1636
1155 1916
1410 1311
1737 1629
1761 1922
1539 81
1869 135
54 1485
802 614
1625 923
497 137
1754 1178
66 987
600 161
613 1387
9 1582
657 1174
178 1422
1425 413
1635 1789
1592 642
1556 617
1650 657
192 1150
981 294
12 1152
1142 1468
36 1296
1393 711
376 1848
236 177
40 1494
1430 520
931 1569
1918 1442
437 284
759 1209
1936 725
766 1040
1534 1555
557 1080
439 1767
180 468
1009 984
1794 1504
80 1672
40 1968
927 861
182 1521
1504 963
736 436
1320 1083
164 338
955 877
1768 784
1227 1958
691 1635
944 1062
724 1340
1258 364
169 1247
598 745
1937 924
1464 615
435 771
1499 170
904 943
281 1787
321 1651
1614 1103
1832 1048
1482 1409
650 1105
538 932
403 825
272 1374
1173 1716
688 381
917 759
239 1153
446 1169
33 1727
1333 225
69 57
660 150
1634 722
769 235
1932 1639
474 594
1767 14
1129 1778
620 61
234 291
1429 664
1777 1997
1938 592
838 378
1348 1514
1244 883
348 460
180 103
1939 1723
1530 1598
1729 201
956 764
65 690
477 922
1376 476
1014 861
493 864
624 1681
1573 416
348 377
1371 1492
778 323
1746 33
1363 473
980 1860
1878 1866
1293 1689
1297 1839
1888 543
1149 735
209 1648
1382 1008
834 1980
181 566
505 1807
1516 1567
704 1974
378 429
256 358
1170 502
845 1418
723 1499
1467 980
1902 1739
1154 605
99 1595
1446 1113
136 1886
798 1927
878 1954
1095 886
1892 1198
1439 1058
354 754
372 299
286 1700
32 687
268 251
35 464
1632 1211
1814 1766
1674 1771
1455 1447
1908 1136
819 1471
1428 334
384 511
256 412
319 338
790 1649
632 878
1072 342
1278 49
792 1126
868 1985
398 383
599 706
269 719
1588 1640
1778 1755
479 86
343 807
1404 1336
990 332
1232 1011
1205 165
56 863
1152 981
528 1389
1152 1098
1341 1735
416 1534
868 5
447 556
1302 1511
194 1863
1313 1024
313 1436
944 515
932 741
698 1075
1631 382
484 1153
1162 1117
1861 920
299 1697
277 340
1301 1304
925 1485
767 1530
789 516
1566 1452
1144 1910
993 202
476 1431
1880 560
396 1980
950 1990
389 865
1505 833
1856 1234
1700 1472
313 441
1511 1081
1512 67
376 1172
1894 369
335 85
1385 459
1756 258
1875 1164
141 1478
292 1138
1163 333
1550 1992
1333 598
993 1593
969 1083
1138 1764
393 1174
1723 919
1429 430
1579 1203
1064 1909
1078 615
775 1052
1255 547
1589 365
1681 91
1487 202
94 68
357 580
461 1518
676 1869
59 606
820 19
1499 1785
1678 1621
652 313
937 1593
1112 341
1575 1659
1332 934
1737 1697
578 1223
684 1495
271 646
954 436
135 676
1672 1024
1348 333
26 951
29 404
943 721
952 1564
82 1146
1355 364
1489 141
1935 319
358 166
1862 444
1001 1632
835 1114
1406 1637
1787 988
667 1011
254 78
1420 400
1525 1193
55 1509
1422 1734
1807 1420
1095 1582
1123 1556
739 658
364 1480
1219 1087
1156 266
1885 1067
1978 1168
787 1139
1552 314
708 1085
1952 374
958 1890
1242 1807
759 1024
1360 1380
423 25
872 1254
591 831
1004 1102
824 681
1549 287
86 208
1386 456
376 789
1260 399
279 1793
805 158
62 535
261 54
983 35
1479 1306
63 9
1197 1873
168 648
708 1221
671 1157
1638 1317
703 1172
274 1541
1073 1937
328 633
23 454
1419 443
1991 100
317 1524
343 496
426 165
130 1259
1527 56
1673 1861
1979 1175
395 69
710 1914
144 1277
368 1310
407 752
727 380
1361 1941
1021 626
1154 391
1672 1677
1862 947
1909 818
330 1774
1482 653
1836 965
22 872
1712 1363
1088 1303
1603 1838
111 804
1060 959
766 1496
353 828
1350 1273
1132 550
240 946
1976 171
1994 1484
1600 1885
1519 1579
980 470
1969 1827
582 1515
1084 1551
570 142
1029 1705
1237 1114
1092 1984
1044 853
1305 1419
959 770
107 726
1861 1428
323 834
1374 209
1627 1765
1081 1989
1443 1052
1590 31
1507 1721
723 279
265 797
1724 380
1588 242
1901 388
840 1144
1697 220
32 1603
1633 1826
1556 68
1279 1489
718 1911
1479 256
816 51
1682 469
1733 189
60 1267
637 1915
922 1059
795 1727
566 609
1465 1699
193 99
1308 1890
1447 1821
756 1028
1477 1265
546 212
1058 852
537 497
445 665
520 1288
1774 1718
1941 1096
489 1566
1249 37
454 1076
1557 422
484 480
753 1927
285 1423
1218 1686
965 1085
3 1575
1070 129
1308 200
1607 1706
409 1574
498 1332
1497 1220
371 1263
993 950
698 1549
1071 44
1688 1714
1876 1433
1692 322
1210 1716
1071 1760
1707 1682
1636 425
718 677
1196 657
1859 1714
1686 1127
758 573
1156 630
731 205
310 1246
1457 1241
1418 1747
1494 679
200 1464
1011 1014
465 610
1344 1914
1815 10
1663 1664
378 740
873 827
496 998
109 284
1399 1784
1188 1883
174 103
1083 1804
869 428
1798 914
1536 312
1570 56
1248 102
1273 135
134 615
1792 513
703 1327
523 1367
681 1180
1285 1959
1381 1993
672 343
1480 1526
1898 1065
1615 1035
793 603
1421 1544
337 149
1703 1470
368 1876
1750 271
723 866
391 267
951 398
1746 1581
92 429
1949 71
1363 313
79 378
115 1682
1876 232
1506 352
143 1270
457 521
983 1699
1994 1368
174 1314
1907 1965
1486 1337
317 1563
178 156
1272 61
350 181
1735 385
189 1333
1610 931
989 694
1911 1716
1582 63
170 109
6 902
1807 400
924 1677
1939 1721
1502 731
767 1445
1906 1315
802 1363
483 1661
1556 197
1745 1822
116 1778
1788 58
274 263
896 1506
1871 290
59 1451
1220 281
603 1851
1630 1151
1391 389
1533 1260
1146 269
811 1276
1166 1094
315 875
270 1823
711 119
125 810
722 1360
1365 1261
1526 1668
240 107
1413 588
1130 588
1125 324
1372 1236
1598 356
11 1376
1966 1926
77 673
1786 1646
716 737
1085 31
1658 427
1425 180
305 1817
1895 1819
157 473
1274 1453
1728 1329
1883 119
1422 1092
417 1742
1445 72
213 172
339 1091
1370 1005
1564 118
1653 916
859 1467
1503 1300
1718 1949
1975 322
440 905
1002 777
52 1515
1574 1945
1248 1161
162 1188
1698 175
1337 1446
1419 1018
281 1573
536 1615
1049 196
1522 1209
1664 611
1069 702
1479 1429
1541 789
735 61
26 1826
1276 219
1456 224
1534 432
335 1518
1422 1748
1763 388
1328 1452
1821 76
1494 380
714 1353
1020 168
1947 1488
861 1397
25 1815
1925 258
1069 1102
1037 413
453 1205
1555 466
896 928
771 1621
364 1691
273 1468
1016 42
821 940
710 1494
568 1542
141 9
1982 1201
226 1798
774 770
1329 1292
75 1783
1271 1092
1226 322
38 1133
1124 661
7 1550
1847 1614
1435 577
1431 799
662 1149
27 1675
1651 315
1464 609
1466 829
1055 1118
453 1842
1897 956
449 103
228 790
319 423
645 1130
320 331
874 273
249 523
426 370
437 893
1100 331
7 1069
1478 415
1027 1376
733 1009
292 607
1827 1229
1403 1373
1243 305
492 1426
829 1370
1384 184
1705 806
916 941
1161 953
1621 1111
804 1814
860 534
183 1110
1641 1816
1198 966
176 1392
1103 1661
63 1853
1182 1162
1890 159
563 1176
1414 1208
106 1101
1397 434
1779 209
1612 204
127 1137
1348 1032
458 1991
1756 199
1318 1585
928 1640
1515 2
1006 1722
461 1647
1344 1465
715 320
1900 492
796 776
1930 678
133 1005
76 1238
549 1342
1172 897
1599 1124
296 1799
514 842
1437 1834
1952 14
345 191
789 1713
196 700
624 1946
1022 229
475 500
1618 660
278 1576
1382 778
370 1334
1220 471
61 392
564 252
683 1780
1475 477
1591 119
1410 632
50 1759
1788 1675
1263 1813
344 694
1596 765
221 164
1428 1247
1337 709
707 1171
107 1895
240 870
1307 35
1710 685
666 1023
903 864
699 1872
328 1786
1831 329
1061 1504
1730 889
577 1962
989 541
1398 1877
222 1814
293 1048
392 1385
1578 118
1746 1507
748 1374
445 1227
222 1341
764 1700
1080 1743
1258 713
337 1734
850 163
1024 1647
111 813
545 1810
1906 98
899 1032
758 633
369 1571
1179 489
811 1274
428 1681
376 1362
971 30
1392 156
1567 1460
254 1197
1085 326
651 265
312 1376
1252 478
1871 86
1510 1601
588 1698
875 336
1933 765
1185 1768
757 1077
757 1861
1892 1019
166 1211
1274 929
1151 1199
252 1413
254 478
1753 596
1914 1280
602 341
375 1276
338 1439
1329 1872
35 598
1838 147
1190 1849
179 912
238 1449
441 84
754 196
1375 452
1740 1193
1729 874
1073 210
1524 984
962 696
1264 1871
859 1572
923 1953
1841 794
1119 35
534 1559
1806 1135
1243 1634
331 212
1799 413
780 1523
677 1769
1244 1175
1296 1414
1793 137
1551 1880
705 1106
101 1714
1521 1721
1159 771
584 1030
210 1980
1776 1361
1604 887
707 250
1091 988
1688 101
1106 1374
1245 1739
480 21
608 1299
814 820
1652 1133
894 667
972 172
53 898
1553 1055
918 635
160 446
377 463
1194 985
1153 640
543 1960
1472 764
1157 1201
1896 39
394 1326
1046 329
773 1912
28 1122
1891 925
965 205
787 1542
522 1564
1601 1551
444 589
1437 874
1351 821
1030 656
1601 248
1920 802
696 1859
1356 684
1054 1372
1357 1407
14 1395
1574 567
1003 78
1837 118
1644 1117
1464 1087
1590 277
1683 896
1865 1633
119 253
172 1536
281 518
1523 1209
481 474
347 1687
1589 570
996 1344
1361 761
181 750
296 1056
834 1429
1731 1249
21 531
113 698
1171 359
261 218
114 1757
1858 1140
1608 1555
99 1906
687 1108
1721 182
618 346
998 640
1992 790
1915 178
1639 1733
720 198
1028 128
1657 1508
40 1673
1818 890
245 1827
311 425
1293 1837
779 1282
660 1130
1779 495
798 654
1079 466
285 244
573 1439
572 539
946 639
602 1303
1752 502
681 1175
1334 441
951 1689
111 903
1812 552
807 444
371 1237
617 682
1174 1196
1332 859
1609 1384
710 1724
1284 510
1128 218
1239 196
1995 15
1877 407
1162 911
1137 1798
90 1603
1841 1161
57 117
1871 1054
1691 762
1381 1802
1016 1625
279 1942
1094 143
1049 1678
402 183
1688 96
1849 230
1238 569
1180 1649
1043 1975
65 645
205 1797
163 1505
702 106
940 1074
1280 564
1711 1619
426 849
1276 135
561 758
1068 923
261 526
1519 1772
100 362
977 1020
1550 1563
1491 272
1583 1403
1645 880
772 300
1524 1992
1663 611
301 1341
207 1674
1131 470
1555 1734
1379 1570
319 609
763 1345
1047 1043
951 1633
1374 705
1830 1279
36 1035
1543 1719
1732 162
178 637
1278 551
1314 135
1326 1513
840 839
1097 425
932 1284
1339 10
833 1293
263 668
835 6
853 59
746 238
1037 1850
1460 1079
725 686
1442 586
601 431
418 984
175 206
909 1506
1562 957
858 95
297 1196
646 1800
1487 879
1687 747
468 1052
208 1492
1933 1793
1004 747
699 830
1820 495
311 1295
1937 588
1519 1601
443 787
413 1951
407 822
99 1
322 1128
902 1344
1193 50
828 927
851 911
588 175
929 1967
1281 1876
1872 1638
1339 1831
1003 1873
1715 1290
1762 233
173 593
113 287
64 1141
1041 1118
1811 483
938 1476
621 768
681 297
667 1739
545 567
1865 729
570 1940
629 800
1621 1607
1334 849
37 915
952 1154
1801 620
1829 1353
1411 529
1416 1235
599 761
191 977
1767 374
1994 501
498 934
817 1779
816 545
567 1518
1240 537
1860 181
1346 411
1981 1145
1628 152
1219 1240
260 200
832 153
202 1593
1836 1996
913 1495
844 125
1513 1930
808 1831
288 300
1461 732
1894 449
1674 443
524 105
868 1232
120 831
1135 327
1587 722
1323 1225
801 1764
141 1279
1694 344
1596 76
1838 1884
1671 1462
671 923
795 1621
1212 1360
354 1648
1259 1904
327 757
571 86
941 1377
1347 1977
1192 47
638 1090
1590 811
1659 1923
488 1437
1018 107
1747 787
360 1703
1982 1164
1119 745
1586 933
1594 743
55 1720
99 1753
754 101
1053 920
1000 97
879 1593
1847 578
1080 17
1224 512
435 972
1395 1811
1281 368
126 1852
1691 1355
136 912
490 10
341 1303
488 1523
438 801
921 1562
1828 108
988 1912
822 77
1349 602
1651 867
1434 1056
78 1873
833 830
1804 509
1461 58
1622 286
784 1194
1274 1950
1183 1336
18 983
1996 1694
842 1696
1966 1973
966 1529
1932 1331
1302 246
1016 44
1811 1292
1878 326
1871 1154
1270 674
596 1938
684 354
1721 585
670 1141
569 1771
471 1573
447 254
823 744
450 1332
104 1513
1682 1378
197 855
44 356
1895 120
1368 38
598 1119
1905 1019
66 424
1769 644
1835 1837
925 1640
502 824
765 1238
1125 56
380 1662
1629 1897
1107 1084
357 295
1766 1411
1765 946
1760 1341
230 1086
1868 367
699 1908
1065 1652
593 1789
1 30
455 1257
1367 1743
1587 1055
1977 1169
1154 118
1904 1599
1567 1608
751 1686
625 1349
1911 324
1565 644
522 477
51 1146
269 966
1745 45
314 952
538 770
139 827
1514 967
1551 1036
373 475
341 1088
1415 75
1805 701
909 717
1950 649
33 1121
60 131
1819 107
1958 1901
1409 1454
1488 568
284 724
250 61
852 221
1254 1382
649 1453
291 505
654 1585
832 13
1493 1286
672 1862
1590 1613
1251 1129
1839 749
1308 1325
984 1649
890 536
343 1826
280 1763
1593 1288
105 737
616 486
334 449
1839 716
818 1754
673 1398
1281 148
944 290
110 1989
932 940
664 680
950 520
622 1107
676 1823
1742 938
1516 1460
385 1546
344 247
1838 506
1755 1129
1353 21
829 151
1684 1179
51 1929
1074 836
463 1857
968 577
666 517
325 53
618 1078
122 973
1276 779
705 1491
1572 1846
1794 157
778 1008
1094 285
292 12
910 579
1032 1919
303 1820
1819 1018
1729 1437
634 604
1631 617
783 967
685 728
318 1246
968 741
650 41
1646 633
1653 233
1534 1851
942 519
1986 1978
1663 877
1515 764
1908 608
928 90
1975 1199
1296 412
1845 816
247 1985
1784 937
991 1597
273 1613
1913 451
472 1172
1917 1809
383 396
1719 1384
1927 654
1162 1752
1660 207
1475 83
1828 135
339 1297
1358 1265
794 595
1438 381
1520 565
1448 1333
1496 352
1863 1301
496 819
1202 1329
1436 963
1508 349
1685 1189
522 118
600 1427
948 1050
1144 818
199 631
471 1787
1776 1967
189 752
1989 1654
1906 1286
519 40
1760 8
1943 92
730 1244
710 380
1117 623
878 1616
895 1214
1914 760
530 1031
1445 229
1049 696
1970 1745
930 686
81 1445
514 1263
101 696
1068 577
159 1308
735 1139
92 425
1038 1802
1290 869
1881 1769
1470 129
1540 1454
1654 1040
1074 68
199 332
1315 1539
814 1698
1964 304
1088 1847
1392 1772
948 233
1756 195
1834 982
179 1516
679 1854
1441 1268
1352 521
186 1259
659 1044
1770 2
1793 1087
165 1369
1465 6
418 500
939 257
1945 1939
1968 148
1003 447
165 716
1174 1067
543 245
1178 840
1808 858
233 459
1769 327
1962 366
1034 1981
1012 664
508 1400
1810 234
1761 1002
1703 1070
554 328
777 1655
1409 1920
1857 1745
1094 345
711 1726
165 591
1143 1976
964 1762
1256 1685
1309 199
1510 1572
18 902
1033 1371
1717 626
895 1536
1620 42
1528 335
1063 587
39 590
560 1347
209 575
89 438
1708 1057
1796 1666
1955 1086
1860 211
1042 78
1742 1771
1493 769
214 1887
1394 820
1048 37
405 647
1564 314
984 335
1623 257
752 275
320 602
1790 1216
204 1444
1907 36
686 688
1707 1543
778 1671
633 1402
1170 1340
2 1520
597 775
320 546
1781 555
1093 45
1590 454
1519 1455
1094 1594
1722 1784
199 258
1933 255
760 727
1555 1079
468 1443
682 1633
1000 441
452 1997
1768 1564
792 1089
825 1064
524 584
1099 237
1822 1970
308 91
117 697
1650 1211
672 496
572 867
66 1774
1291 103
496 444
666 1661
1143 1800
421 1226
957 1362
1883 1111
1594 1390
1265 565
88 65
919 948
799 1354
269 223
1070 1139
700 1261
1679 1445
954 584
173 424
1367 557
1680 1793
761 1775
818 839
732 1119
1512 952
242 946
1144 1079
18 1465
354 1246
128 1204
962 1928
1827 205
936 714
1439 1799
541 627
1704 1093
827 829
1789 636
628 876
1242 1661
770 1105
1615 1381
811 273
947 1854
1852 1844
1090 1253
1161 1572
49 166
1462 992
1211 551
1238 652
150 1934
1217 1287
746 12
1111 1474
257 1368
1943 1336
582 995
919 623
1035 286
446 1235
717 1350
978 1371
598 1370
1145 586
556 393
929 1509
148 1861
58 429
1249 293
717 214
1312 1224
477 1578
1579 617
1284 1346
642 912
1601 884
1440 993
122 969
46 1469
1206 619
1372 298
1620 1299
601 817
921 728
1752 1515
725 1453
1997 1345
1303 625
953 1569
533 1366
873 1401
24 1900
1168 1860
577 980
1844 126
136 887
895 123
29 1440
297 1170
89 1764
876 59
824 1154
1946 91
833 163
882 692
386 239
1778 637
353 1414
1279 1022
1665 1761
443 845
488 561
1313 1314
524 436
569 1578
893 1987
103 1894
1191 1226
1718 1305
252 1624
154 1772
1917 190
771 1111
52 453
431 1888
1397 1250
1412 1636
1675 1586
294 1255
807 819
1842 1291
1181 1980
1215 1179
1706 1429
834 200
1760 658
1114 1363
1669 613
1544 809
871 1338
714 275
660 1605
1059 252
1023 1071
944 697
515 290
195 233
546 1773
422 1763
312 895
1613 1386
407 1313
309 169
1717 587
950 1487
1250 434
1147 1579
1018 120
1148 1656
1226 831
1934 1036
1856 1476
282 530
780 1408
1046 93
1248 961
486 1427
600 239
921 140
411 1805
988 703
1516 472
1195 193
642 1812
1813 1518
206 1394
1071 1440
1120 1123
1509 1274
968 1555
1984 132
195 990
1940 183
1106 1073
421 712
877 1893
116 1974
1640 79
300 1456
1976 1682
229 1539
241 601
968 214
1983 184
1955 581
816 1980
979 503
1880 1084
888 426
1695 1740
1669 1592
126 954
1141 1575
1971 1378
647 859
1501 751
41 102
1201 1937
1844 851
1345 857
340 325
1548 1614
1036 259
47 625
1798 1209
824 1999
1386 1060
1163 967
1373 1365
211 1132
333 826
1940 913
935 944
331 1773
1439 1400
693 625
1391 1323
1221 188
1805 1739
185 1100
220 961
682 1134
1919 565
1028 1279
606 659
246 766
394 348
145 1461
487 624
438 913
364 762
1394 1698
1859 1688
1682 978
927 1986
321 572
953 1841
153 1609
1102 53
1392 1332
419 707
251 87
526 361
567 46
1924 846
1845 1064
1142 1500
78 1740
1702 463
1785 1908
1832 975
1015 461
393 1003
1136 406
1713 376
1484 927
1266 357
635 1530
1229 101
1009 74
1435 1918
848 991
124 1190
1729 60
149 903
1354 1376
79 1891
1153 1532
860 17
1249 355
427 1017
1326 878
1611 603
836 676
294 303
1081 1302
938 310
274 507
1851 1822
1447 884
1571 583
608 1278
112 565
973 1782
1884 90
575 443
618 451
634 1920
1387 1185
706 1006
456 1468
864 1843
1369 983
503 1044
1262 412
1773 1397
1769 1576
1316 718
423 1935
120 1160
884 1821
907 1763
1687 1195
10 1336
1606 247
1902 1858
6 996
493 909
1131 1467
1813 835
1930 1177
917 1322
1752 1999
143 708
1261 754
1759 837
773 1660
1535 82
1663 785
326 1758
45 1267
85 1517
154 1932
967 1875
1811 374
158 24
1100 388
555 812
1978 1027
332 195
1927 611
810 1769
554 1153
657 1885
1883 1474
674 1346
717 864
1146 1171
1652 939
1320 1140
864 747
678 1532
243 1501
401 258
1865 32
1961 718
1268 601
1331 1347
1862 1775
1721 11
396 639
627 15
1740 698
986 1239
430 251
1673 1584
535 1974
1659 3
132 481
628 1550
1967 55
889 1506
847 1906
571 563
1295 995
1524 1550
1234 582
1233 1596
677 1881
259 1562
1566 465
1662 710
465 1215
270 1622
1518 1903
1912 1663
1310 68
1644 559
1648 921
1310 1876
1834 874
734 1508
529 1526
692 1159
1019 1800
1985 828
796 1937
87 574
1209 217
64 1659
703 1091
1237 189
1225 1284
410 354
912 408
45 385
1618 1605
1078 187
353 1065
1455 128
364 282
1000 108
593 1988
762 1581
1133 1180
1543 1318
1450 567
67 410
1195 1738
867 1498
96 1827
1105 156
423 325
787 415
611 1956
1364 285
1221 1457
1388 1676
674 285
335 685
654 1878
126 1334
216 1404
785 309
1853 837
1582 1243
509 1902
102 1183
1368 939
1537 170
37 1029
1324 222
49 1211
1315 98
1241 1367
1167 154
1441 33
1040 1081
357 596
1010 899
1925 66
1179 167
1298 1359
1853 50
568 506
325 395
1972 1892
1222 833
648 1899
1430 1867
1271 713
1186 1839
1319 701
978 641
415 1321
241 431
801 906
946 1791
1997 1378
772 157
914 1137
1302 114
665 1907
1697 1846
898 970
594 1321
1774 854
981 12
1758 1240
1647 1528
1881 1522
448 788
1013 1285
129 1703
1187 1046
692 1383
280 907
380 679
854 1033
1150 42
1462 156
857 763
656 1301
836 1994
1141 551
234 505
1057 485
499 540
34 1292
566 1677
138 935
748 692
310 417
1665 274
946 396
1331 155
1602 1645
68 368
1227 1059
1269 1589
1825 852
1748 1915
622 560
700 986
1912 703
1409 1929
891 1030
1048 1249
1846 104
253 1111
146 1724
1038 1187
1849 1589
313 802
323 1044
1033 987
1019 215
1500 884
1892 1800
610 668
1835 737
1841 1113
960 276
224 1362
474 812
442 603
728 1966
1744 932
709 295
1921 17
64 394
1926 855
757 1769
887 1267
1352 123
590 1561
1983 311
367 1969
1426 1411
352 1683
1354 1833
781 1695
1140 1010
927 868
1419 146
1884 342
1358 1477
1096 761
270 631
1023 6
187 1158
583 1709
1971 857
882 31
1684 355
66 401
1830 322
1061 1642
1129 637
1231 1971
399 15
1069 542
247 1820
1120 555
1370 133
667 1313
740 933
1304 725
271 1918
44 877
1171 719
473 1712
978 596
742 1406
1473 321
146 968
218 95
84 313
1390 1166
482 639
776 1388
42 169
1659 1694
675 7
849 1075
1007 1200
1330 1156
1230 745
848 442
1182 629
596 1589
834 22
1800 399
73 1212
773 1091
658 1016
1699 902
569 304
1734 501
1343 60
1922 146
1860 518
1005 598
93 738
404 1051
446 60
55 1950
605 522
1738 971
1882 1318
849 52
119 545
446 171
791 1248
1228 1413
1372 1690
747 597
551 1503
809 1653
680 87
733 390
874 264
1275 1929
332 401
1340 1785
1977 1107
1796 1765
639 242
1692 361
1335 1719
1884 928
1598 1658
1786 1402
1943 626
324 590
1579 1987
552 912
1135 974
1960 241
1549 781
1159 1621
33 1951
1527 1207
939 1338
1920 1454
1567 1079
130 1931
837 412
1777 317
1471 1835
941 1941
469 1707
1493 1786
1433 472
1047 497
1576 1077
667 1050
1272 1762
1127 1463
729 712
1622 1228
1165 195
298 192
753 798
1542 845
1168 470
1976 300
653 571
769 1057
382 1579
1957 514
1492 420
969 1782
898 1101
508 1420
1349 1192
672 1432
836 538
8 1471
201 292
1992 1649
1650 1109
1353 549
661 1933
876 1798
934 213
1994 1351
1331 1880
968 1554
1538 488
1390 5
266 404
1235 171
162 371
1089 1840
177 205
156 273
1062 366
1860 1131
289 360
826 363
393 254
1496 1730
1678 910
547 1383
171 1416
1357 198
1811 1806
1296 993
247 1217
1201 1677
1988 1044
232 94
1223 144
77 1081
491 734
895 1111
373 628
1500 1519
1179 788
497 1087
1039 1475
1781 1786
129 643
1970 1702
1037 261
970 1069
1484 836
1098 745
1485 747
106 1303
964 1256
1447 1716
541 1024
644 1135
79 1092
458 209
496 1309
123 797
393 1725
1716 1316
1389 532
285 1373
783 1982
264 227
890 1452
588 814
1537 109
1116 600
1851 801
395 23
1849 124
709 612
590 1896
1587 822
1867 339
1649 1550
1165 638
766 351
123 862
1063 1097
1916 960
1474 1352
980 1168
1408 1522
1922 1482
13 873
382 1870
573 694
1977 1880
1483 1883
1624 472
1008 873
778 409
1173 931
56 1379
1563 1992
787 1149
327 1464
1944 1002
1971 695
1654 246
1681 559
1754 840
1719 153
1431 1986
220 1266
908 945
1795 433
14 1734
1236 499
1831 1576
1306 1897
1504 1693
22 1724
1619 418
1954 1771
1106 692
745 1370
1645 1126
1234 169
772 976
464 1098
1289 591
1234 870
1459 365
433 746
1474 1421
161 621
415 812
1 193
1575 790
769 48
179 1608
1181 1323
839 1910
633 759
391 606
668 301
1638 34
91 487
760 1854
1039 629
616 1786
1307 1657
1920 1275
1345 1375
30 347
263 1546
612 783
1747 575
1671 323
574 380
751 715
1076 1217
595 310
1323 1107
1025 510
1727 87
655 782
1990 397
813 1214
1505 1367
953 1825
1268 817
354 1964
14 1839
1141 1086
690 645
419 489
127 45
604 322
121 1751
1115 597
682 1344
1211 920
377 670
1889 439
505 545
1203 1147
1452 1761
141 1830
1831 798
574 1607
859 4
806 293
112 691
8 1230
956 94
560 1977
1780 300
1617 145
999 462
742 223
449 1963
1552 1564
1162 1852
990 1309
1458 80
1302 876
516 274
739 999
1300 1053
323 1781
231 1125
707 1684
1326 632
714 967
222 1565
1913 1089
271 1435
1135 1769
645 418
1488 831
1843 214
390 62
1732 1246
737 891
1656 1335
1996 1082
1204 1028
761 1425
1101 970
664 424
1782 1404
451 20
1469 234
1722 1399
1758 1661
1246 1014
1293 1249
535 1221
1840 1126
1130 690
336 1939
1283 533
330 1925
1233 1424
725 1301
1266 1540
1292 1728
1323 1359
427 1180
198 290
1139 1542
1538 1104
364 512
220 357
190 1358
1075 781
1667 846
1988 158
1558 793
627 1070
858 1222
184 1299
1649 1127
190 691
256 1324
238 698
737 954
820 1051
831 1227
550 1131
1920 1209
1691 1532
38 548
952 630
1752 681
418 553
1638 1202
991 656
896 352
608 1379
149 1506
866 1499
155 1551
1904 167
286 135
1349 1088
45 1702
1950 1967
545 1469
1547 1618
883 1899
1296 353
1365 164
345 1020
1811 1919
786 233
1811 1889
16 1650
463 1704
517 295
974 1809
1767 320
1784 412
1697 1948
1456 683
15 233
830 876
1662 760
1549 238
592 1366
1978 11
932 933
1621 253
667 1327
1415 627
697 138
1310 1281
1237 1957
392 740
1783 1623
1185 784
95 424
1879 1284
362 1545
1922 1540
1263 162
356 278
739 904
1110 913
349 796
589 1277
398 121
1825 221
1358 1635
1168 1132
559 308
223 31
1297 1097
361 1490
1476 358
507 516
1521 1184
234 545
1453 1950
1495 183
1323 1298
1175 502
1767 209
1727 994
1173 1610
659 503
390 1943
1182 126
352 1672
1364 1089
513 1459
140 700
633 1503
1886 422
1909 666
586 604
784 613
268 1913
1219 1793
180 1052
1377 1612
636 691
842 715
1676 1958
1073 1491
344 1836
888 236
447 1097
1147 641
1837 350
1227 922
607 279
850 1213
1581 1271
1731 293
804 1591
247 494
716 225
1910 1949
1597 93
1917 1359
1475 800
1088 1001
1924 258
186 708
550 1860
1896 474
542 490
298 1236
351 1320
329 1339
980 1132
465 448
768 161
1701 75
44 658
1831 367
1856 1227
1451 267
606 1044
1516 1608
119 1159
278 1045
1670 1534
1748 116
1130 88
1618 524
688 1936
1942 1219
328 263
1937 1953
901 1785
1911 1961
832 1533
1302 1989
1537 812
177 965
1626 1356
1371 753
1214 1828
1974 1596
127 629
926 526
1955 543
1087 1680
410 28
1383 1152
1826 1689
114 203
1032 1163
1887 1597
1489 128
815 1973
483 885
141 1022
901 1814
788 1215
1481 1800
1583 1000
654 1895
1576 1565
587 1066
1269 650
510 1225
1046 1715
1396 834
1394 175
775 79
865 1187
1396 1382
1775 1425
356 1016
1606 1985
76 1233
1637 1596
607 41
650 542
941 1762
521 963
1757 318
1317 1202
959 27
309 1448
994 124
1998 954
1776 460
514 714
1932 1167
743 1523
1546 342
443 1149
1787 73
1642 1794
1530 1095
338 1400
1810 1990
1436 1093
892 951
1169 964
139 1280
400 483
120 8
1322 1710
748 862
94 1310
412 0
1945 1916
1109 1924
1520 1741
125 199
972 1258
1263 646
823 1200
86 563
523 1457
852 1613
1219 279
1486 934
76 765
1341 342
1308 1354
1480 1209
1748 1778
899 1083
201 1269
1559 904
1432 1792
1719 1884
1693 1268
475 1829
520 879
543 1912
140 458
1247 1720
1084 1977
1233 765
1232 247
1279 1444
260 159
236 8
1897 1585
1709 1842
928 1731
45 1857
130 1599
124 1216
577 646
334 1673
1764 1851
219 491
500 65
1993 1756
555 1352
1581 453
494 440
1899 730
1489 756
911 1182
1952 1811
817 1960
1007 1041
287 1075
1496 109
1771 814
350 991
1771 1616
540 605
1313 803
1293 1808
1299 1361
947 807
803 830
1951 691
1453 929
1273 1053
1826 576
812 1092
292 1248
433 358
1111 180
558 978
387 1663
1742 310
620 1628
1806 1952
1677 923
529 1900
1474 1188
342 548
953 600
1586 838
1094 694
812 1321
1913 792
290 1062
532 402
174 967
24 1766
31 1502
310 960
1384 1148
200 958
88 1711
513 1677
1870 372
1008 1728
1189 171
1809 1352
1004 973
1755 1465
74 562
1515 1749
961 863
881 1577
772 1794
374 662
275 1932
1813 369
1862 807
1442 646
1467 1132
803 1959
1816 1678
1961 974
15 786
1056 1951
839 755
505 1810
1198 1800
1504 877
708 1090
680 430
858 833
1208 445
995 311
26 408
693 1192
548 610
1843 111
1696 506
1595 1
1813 1079
758 694
444 1564
1517 461
136 1164
402 1174
1063 1717
166 1503
526 1026
1189 1235
583 1291
1864 1282
1623 1644
416 544
827 13
472 1280
855 815
602 1112
525 1023
355 1436
116 1392
1339 1724
1160 240
1604 1750
1616 1326
1159 1883
188 109
264 1729
372 919
582 1412
1507 663
1472 455
1529 1972
21 373
239 621
1205 1754
595 1742
1467 211
424 1034
891 952
907 1886
937 437
1817 63
355 915
1488 1844
270 1869
92 1021
837 1262
145 1348
1741 844
1222 1213
1636 1983
1281 68
1633 26
727 1724
176 819
70 311
1223 1548
1529 1905
1509 460
1973 1322
741 181
876 894
1446 1486
539 867
585 203
1820 1482
72 229
407 1587
1494 473
1672 1640
1188 1483
1318 804
1684 258
1627 1007
173 1022
701 1245
487 559
576 398
1359 865
131 764
400 1001
276 1558
1577 683
71 755
148 1428
414 1553
1753 1679
719 359
1464 1093
380 614
190 1265
1259 333
863 282
474 132
451 1840
1107 560
1215 419
1210 1360
571 1362
458 1240
1952 1056
962 1007
984 790
1294 43
1557 136
1049 1816
769 638
1360 1582
1639 261
977 883
31 205
607 1080
562 390
965 731
1072 1693
453 888
425 1943
945 309
20 792
1651 572
930 1003
428 1699
831 421
0 306
767 886
1543 138
1134 1850
661 1904
445 1907
1561 729
1643 1812
1402 616
12 744
1096 1052
1789 565
358 1278
19 1228
1884 1424
1999 297
839 1178
1871 28
157 1898
856 1777
1332 1744
591 729
926 334
1228 820
1821 1510
1260 1148
350 1272
1882 1143
1948 220
568 472
153 629
1928 139
1299 192
1356 1122
144 589
22 604
267 1725
1046 1403
1975 1667
109 708
605 138
236 1798
1641 1049
730 1966
1310 659
5 56
299 1446
732 176
1882 1680
193 347
140 1846
1182 1947
382 1203
6 975
1082 1694
139 13
906 1138
64 858
1661 1001
170 708
476 1354
1931 1082
184 504
1123 617
585 878
98 72
663 1441
786 1762
544 1524
669 823
1164 280
778 444
1956 1462
1593 29
1957 228
345 168
1855 1979
180 1096
824 1752
925 1758
1989 95
161 1153
1374 1491
1767 115
1095 1598
1733 1066
1799 720
953 595
712 1191
929 1776
140 1648
1134 1557
1048 915
1848 1665
1160 726
979 174
1235 160
196 1261
1605 150
1307 1676
842 1136
117 290
463 1965
1767 1014
1179 707
554 640
359 737
1951 720
844 321
741 146
427 48
1399 430
1071 1016
1256 1789
1887 1328
295 1629
638 1057
326 223
974 679
240 399
37 1731
1682 1318
626 1063
248 1142
1662 1494
471 1920
1864 375
1338 266
1255 1433
189 1167
662 550
842 1940
1008 1671
1783 1842
429 27
1190 1846
1396 323
822 853
216 982
1707 1882
1022 756
1046 1038
1531 1160
883 168
805 310
1808 1222
64 642
1726 1125
1917 655
1847 283
1885 1196
1615 152
1449 1695
1712 614
749 164
1366 1753
957 1547
1498 1789
229 1286
696 913
386 640
959 1468
1964 1512
1623 39
1325 701
565 1635
891 1998
784 1028
905 247
1456 528
1966 4
1498 966
628 1313
1253 1589
1022 1204
481 1041
1969 1630
197 1631
1923 64
336 539
1031 1785
1815 23
1050 1865
622 1407
1059 472
1770 1940
755 1144
17 1592
1890 1325
1866 558
1531 1895
565 190
1018 55
1872 34
385 263
747 46
805 1538
1423 1364
1212 1618
1277 1847
198 296
1554 1218
580 295
1943 587
1534 501
608 1570
689 1164
470 639
1823 1035
128 141
141 1466
581 230
1775 57
1685 160
531 373
365 736
1540 741
1321 1478
445 1971
54 926
1374 246
415 1092
93 1835
97 761
1417 1047
1962 1604
1720 184
589 1548
1929 303
662 1889
518 1467
336 1473
256 956
156 456
1702 1745
656 524
1314 405
917 962
1653 1377
1407 1434
1814 956
1727 431
843 528
1010 1902
775 1115
588 1394
955 305
1879 1351
982 1004
674 1166
504 482
726 1854
880 228
1750 646
934 1450
3 1923
1570 282
438 1851
947 672
1116 554
1070 1394
367 1477
1061 913
1965 1704
932 821
949 979
703 1674
1097 92
1448 1198
193 1595
1665 1803
1140 351
1591 1882
1115 1588
1444 1421
1426 24
1577 1312
1042 447
1643 17
1404 122
1322 4
1524 1027
1692 1414
1772 1450
1476 1085
1824 1708
157 1072
819 1015
634 296
1334 165
239 926
271 1068
1728 115
13 263
1498 315
623 687
1416 160
861 243
406 871
420 86
544 1497
1898 1061
1339 808
1493 1165
478 232
615 1481
1072 772
304 742
703 773
11 1027
719 1535
1982 612
1010 1341
630 1136
39 231
1433 68
807 406
127 1039
1595 1484
1627 1796
1065 1692
1394 997
1193 1853
736 1253
1183 1144
1039 1137
83 629
1489 1878
88 1851
150 1547
1464 1481
1532 1080
410 1050
1136 404
462 841
800 226
470 518
1249 915
1882 1482
975 18
1726 1896
625 887
1124 1815
289 541
998 1862
1629 961
1568 216
338 852
1703 1930
238 1075
553 500
628 1013
1097 1986
1875 1163
113 781
423 1493
151 873
600 386
1251 1778
609 1078
9 951
1168 518
1439 508
527 1403
23 277
71 583
1255 12
1239 527
1506 1730
1701 1917
216 1414
312 1895
1551 560
367 1900
641 1172
1672 224
930 1042
773 1327
186 130
1674 1327
388 1557
504 1620
1622 1350
517 379
1361 1425
51 123
862 651
1946 1290
1580 733
1987 599
1043 16
1144 1546
920 358
1010 1080
316 671
977 168
1269 791
969 1809
1889 14
224 1312
97 172
1378 857
233 1272
533 1521
729 831
1794 230
1171 302
97 967
1362 479
467 1746
638 48
1419 854
1349 1135
442 1611
1755 1251
1481 181
244 1537
18 659
360 1070
774 596
143 1594
767 918
154 936
1426 593
1736 1190
1647 759
1490 1037
461 800
436 105
961 1737
1671 1518
638 198
1170 1855
6 49
552 1921
692 705
1980 1791
448 1566
1015 1847
1639 31
1372 185
1822 463
568 126
1905 1800
896 1458
1679 134
751 1011
115 699
610 263
866 575
1614 1223
379 403
272 882
1100 298
785 1186
1739 1025
1393 1177
466 179
1355 762
1985 1946
215 1972
1212 471
1405 997
1052 1361
918 150
888 338
221 749
1387 1503
1598 427
1121 663
82 1171
1869 1622
1400 852
152 1818
382 1123
893 810
1017 767
1553 841
432 89
1456 1312
1808 83
617 1120
1086 1736
1893 387
60 764
1982 1337
1484 1336
485 1493
456 1060
140 949
1560 919
1621 1883
771 457
868 494
1087 1942
782 1415
1511 1715
361 682
275 1733
546 438
878 31
585 182
91 691
243 114
1861 40
1197 556
69 1796
72 1539
1895 1093
1545 1779
1263 1911
501 1516
750 1078
922 1172
1329 34
1058 164
557 249
1495 843
703 1113
66 1799
225 785
1901 1657
1833 1986
1070 1656
1963 369
1475 226
694 1931
707 923
1420 1242
1126 303
579 1641
1632 1420
1427 1527
346 268
830 1013
242 1405
1323 1038
552 1311
1177 1410
603 848
1961 1173
842 98
646 1068
1054 1260
1830 128
303 1920
126 1162
408 1643
673 414
717 149
1122 1799
797 457
1292 1753
614 1436
1108 623
1247 504
1257 887
1931 344
1765 1041
667 539
1615 1440
1584 942
1476 1161
551 166
973 969
220 2
298 1054
506 235
619 302
1269 1188
1830 1022
294 547
1210 1173
393 1197
1979 1752
96 1494
970 1102
70 1856
5 542
156 1613
714 1639
987 330
191 221
1569 1210
963 441
458 1277
581 1302
994 467
1340 244
900 260
1808 1516
592 1283
1901 1307
540 1236
434 546
142 1432
1667 761
1666 1118
535 704
167 186
1043 464
1974 1580
1841 595
30 1482
286 270
1380 305
1611 1155
935 290
1936 1438
1802 1801
67 1050
1919 1514
1319 1602
1070 289
1850 1490
217 743
161 1116
48 1824
1190 446
607 201
555 1808
1905 1198
228 5
1038 1391
1977 622
140 1547
700 479
1199 808
1597 1958
1457 557
1122 1626
877 1134
671 1937
1751 892
1635 112
1080 523
1384 832
766 1081
226 1137
1561 1393
212 842
1560 1050
870 1531
881 1780
1743 1457
1223 1475
332 1993
1870 1337
1216 1955
1074 257
1067 1944
1101 675
1727 523
1265 1789
1790 581
641 1371
752 968
738 236
225 309
222 1479
1077 677
1157 924
14 1895
790 856
118 1552
1336 1319
755 1759
1327 1091
883 345
1861 438
1959 628
914 127
912 1812
1212 1213
1350 258
1232 1606
695 1375
1468 1613
1912 1655
933 1788
108 1583
859 1314
1158 1464
1764 1670
756 173
499 1818
623 727
1855 824
395 1935
1825 338
1860 17
813 493
1980 946
7 970
420 653
1226 1099
1118 1104
1287 1076
1368 1485
898 702
1714 1914
1213 652
1948 1893
1364 1594
1043 1417
1051 1330
1441 1746
167 143
1657 349
623 1560
915 1029
11 1431
1744 498
1403 1025
1269 573
1397 1592
104 949
302 269
885 1758
1675 58
841 860
1898 976
1117 1701
1677 1625
631 401
1311 1921
389 1046
235 147
1450 450
521 974
1536 1577
595 848
333 1875
403 1797
111 909
1247 192
307 619
1860 630
1071 1311
620 536
1633 398
1516 60
1100 1054
1982 1870
277 1935
1110 1940
268 1275
626 1773
1138 438
1103 283
13 151
1607 398
359 1206
73 1812
708 899
383 482
1715 110
1055 1398
521 1809
1924 1975
1433 1252
1979 322
307 1617
844 123
227 805
253 1424
203 182
1428 45
98 1079
1435 1105
846 1417
730 977
1397 546
1560 1723
459 1995
1858 351
258 332
716 908
179 1567
1795 981
1396 98
398 996
1549 630
1655 1600
137 279
1015 998
1996 561
1830 1489
1121 795
1499 307
1000 312
1497 1787
1183 292
1383 1795
1297 1049
811 219
1345 1231
460 1967
366 57
1045 525
1102 777
1317 1126
133 464
667 1013
1424 1696
4 1710
540 1264
1454 634
1874 1568
879 950
814 1228
1051 1338
1313 894
1074 1879
511 900
1336 228
1729 288
1126 618
13 118
1116 640
382 1030
210 748
523 678
51 1845
1066 1097
1903 759
1256 1189
997 383
293 355
1791 482
1375 1971
643 989
1160 1700
726 870
413 1357
306 1525
1263 423
825 816
1184 409
1176 1362
1463 454
538 1484
739 860
136 689
1391 1392
1854 710
1303 693
1749 1690
1098 1230
594 1092
1250 710
1258 1097
253 1159
80 223
851 1852
834 7
1484 432
343 95
250 1928
301 1546
1271 1079
1725 391
399 215
1390 1364
849 1612
1126 268
30 99
1090 769
1089 618
1606 553
1693 976
587 1097
1162 851
1604 1068
485 1824
985 1781
1873 930
1288 202
444 947
976 1072
1858 1309
1143 469
116 1997
1734 15
609 750
993 1487
1401 1466
1297 1031
713 435
1624 1227
330 1953
1950 1720
1342 484
1339 1868
1298 1581
41 791
1815 429
147 928
1699 18
1399 1015
43 723
694 472
829 250
1930 1326
721 739
1703 384
1340 1537
512 881
1953 316
1797 177
1325 384
995 70
1114 1732
222 1466
283 144
626 1902
1714 917
564 1797
1904 1124
213 176
1968 942
1551 1331
989 1905
518 1132
1844 1162
851 1182
1802 1628
1955 1790
983 1832
886 918
898 675
1668 780
1838 384
1402 1604
810 1515
705 882
1084 1331
652 850
1184 585
288 227
734 1864
1282 1590
76 829
1520 38
956 901
56 282
174 104
518 1131
1890 511
389 1181
363 1348
381 194
491 1864
1723 1865
1055 1761
1200 69
1756 332
1803 507
1429 1012
1470 592
577 1367
1180 669
363 1163
1246 1501
992 955
1864 811
230 1955
1207 328
1369 888
996 1832
686 1438
247 1275
1276 1282
811 87
1113 773
1985 1232
397 545
670 42
1814 256
1531 1745
1026 1554
1286 847
1827 1314
969 1874
1104 1627
438 1670
894 13
555 1669
1041 1666
1529 215
897 1280
749 1825
262 1268
1267 1343
495 1482
1690 1770
1196 1600
57 944
250 583
1449 113
155 560
640 600
1816 1430
1439 1725
1080 1241
237 1289
650 1763
1287 1026
607 1277
1448 1451
1585 956
717 337
1097 1943
1254 1396
1685 171
328 1710
